1434526982.57 0.3 0.0 0.3 0.0 0.3 0.3 15.0 15.0
1434526982.79 0.3 0.0 0.3 0.0 0.6 0.3 21.0 21.0
1434526982.99 0.3 0.0289262143579 0.3 0.014463107179 0.871073785642 0.271073785642 25.5247630677 26.2479184267
1434526983.19 0.3 0.0449963334457 0.3 0.0385682858106 1.1260774522 0.255003666554 30.1555889215 30.7662534468
1434526983.39 0.3 0.0883856549826 0.3 0.0755295597124 1.33769179721 0.211614345017 33.0588769733 34.1195048331
1434526983.59 0.3 0.114097845523 0.3 0.10445577407 1.52359395169 0.185902154477 36.0232314776 37.1802800519
1434526983.79 0.3 0.106062785979 0.3 0.101241750253 1.71753116571 0.193937214021 40.1767747944 41.2856130115
1434526983.99 0.3 0.207304536232 0.3 0.197662464779 1.81022662948 0.0926954637682 38.8841547524 40.3304654703
1434526984.19 0.3 0.118918881249 0.3 0.11731186934 1.99130774823 0.181081118751 45.3469741821 46.5843733519
1434526984.4 0.3 0.19605545287 0.3 0.191234417144 2.09525229536 0.10394454713 44.9462457495 46.3764863483
1434526984.6 0.3 0.204090512414 0.3 0.202483500505 2.19116178295 0.0959094875857 46.6924852269 48.0584453494
1434526984.8 0.3 0.212125571958 0.3 0.212125571958 2.27903621099 0.0878744280419 48.2089220015 49.5266717667
1434526985.0 0.3 0.228195691046 0.3 0.22337465532 2.35084051994 0.0718043089541 49.1548695484 50.7136710999
1434526985.2 0.3 0.178378321874 0.3 0.171950274239 2.47246219807 0.121621678126 53.1477116743 54.8832845358
1434526985.4 0.3 0.329437441299 0.3 0.319795369846 2.44302475677 -0.0294374412986 47.826312777 49.8511477821
1434526985.6 0.3 0.167129238512 0.3 0.168736250421 2.57589551826 0.132870761488 55.6663414126 57.3215636786
1434526985.82 0.3 0.269978000674 0.3 0.268370988765 2.60591751758 0.030021999326 52.9161615693 54.699944788
1434526986.0 0.3 0.266763976856 0.3 0.268370988765 2.63915354073 0.0332360231436 53.7833655327 55.4385877987
1434526986.2 0.3 0.269978000674 0.3 0.268370988765 2.66917554005 0.030021999326 54.280956757 56.0647399758
1434526986.4 0.3 0.276406048309 0.3 0.276406048309 2.69276949174 0.0235939516909 54.556780338 56.2923531994
1434526986.61 0.3 0.276406048309 0.3 0.278013060218 2.71636344343 0.0235939516909 55.0350874194 56.6903096855
1434526986.81 0.3 0.284441107853 0.3 0.276406048309 2.73192233558 0.015558892147 55.0971784165 57.202364017
1434526987.01 0.3 0.213732583867 0.3 0.213732583867 2.81818975171 0.0862674161331 59.0225260423 60.8866598564
1434526987.21 0.3 0.384075846197 0.3 0.377647798562 2.73411390552 -0.0840758461969 51.9896594621 54.175195658
1434526987.41 0.3 0.191234417144 0.3 0.19605545287 2.84287948837 0.108765582856 60.3133986822 62.0650416628
1434526987.61 0.3 0.321402381755 0.3 0.321402381755 2.82147710662 -0.0214023817548 55.6573027151 57.5535767675
1434526987.81 0.3 0.294083179306 0.3 0.294083179306 2.82739392731 0.0059168206944 56.7527023695 58.6489764219
1434526988.01 0.3 0.290869155488 0.3 0.290869155488 2.83652477183 0.00913084451195 57.0076347957 58.903908848
1434526988.21 0.3 0.300511226941 0.3 0.292476167397 2.83601354488 -0.000511226940697 56.695292018 58.9933190476
1434526988.41 0.3 0.218553619593 0.3 0.218553619593 2.91745992529 0.0814463804068 60.8745475254 62.9315227686
1434526988.61 0.3 0.39371791765 0.3 0.39371791765 2.82374200764 -0.0937179176496 53.4881383253 55.5451135685
1434526988.81 0.3 0.269978000674 0.3 0.269978000674 2.85376400697 0.030021999326 58.0996800361 60.1566552793
1434526989.01 0.3 0.306939274576 0.3 0.306939274576 2.84682473239 -0.00693927457579 56.6913551367 58.7483303799
1434526989.22 0.3 0.290869155488 0.3 0.290869155488 2.8559555769 0.00913084451195 57.4091069925 59.4660822358
1434526989.42 0.3 0.224981667228 0.3 0.224981667228 2.93097390968 0.0750183327717 60.9359156649 62.9928909082
1434526989.62 0.3 0.396931941467 0.3 0.396931941467 2.83404196821 -0.0969319414671 53.6009308459 55.6579060891
1434526989.82 0.3 0.268370988765 0.3 0.268370988765 2.86567097944 0.0316290112348 58.3908508786 60.4478261218
1434526990.02 0.3 0.306939274576 0.3 0.306939274576 2.85873170487 -0.00693927457579 56.9278875743 58.9848628175
1434526990.22 0.3 0.292476167397 0.3 0.292476167397 2.86625553747 0.00752383260317 57.5652888347 59.6222640779
1434526990.42 0.3 0.22337465532 0.3 0.22337465532 2.94288088215 0.0766253446804 61.2254794955 63.2824547387
1434526990.62 0.3 0.404967001011 0.3 0.404967001011 2.83791388114 -0.104967001011 53.4276752468 55.48465049
1434526990.82 0.3 0.200876488597 0.3 0.200876488597 2.93703739254 0.0991235114033 61.9185437054 63.9755189486
1434526991.02 0.3 0.31497433412 0.3 0.31497433412 2.92206305842 -0.0149743341197 57.8779332994 59.9349085426
1434526991.22 0.3 0.306939274576 0.3 0.306939274576 2.91512378385 -0.00693927457579 58.1023324992 60.1593077425
1434526991.44 0.3 0.303725250758 0.3 0.303725250758 2.91139853309 -0.00372525075824 58.1194271629 60.1764024061
1434526991.64 0.3 0.384075846197 0.3 0.384075846197 2.82732268689 -0.0840758461969 53.9438277565 56.0008029997
1434526991.84 0.3 0.200876488597 0.3 0.207304536232 2.9264461983 0.0991235114033 61.6858286656 63.4214015271
1434526992.04 0.3 0.31497433412 0.3 0.316581346028 2.91147186418 -0.0149743341197 57.6661094144 59.5141731095
1434526992.24 0.3 0.306939274576 0.3 0.305332262667 2.9045325896 -0.00693927457579 57.8905086143 59.8671332621
1434526992.48 0.3 0.372826762836 0.3 0.374433774744 2.83170582676 -0.0728267628355 54.383426162 56.2314898571
1434526992.68 0.3 0.278013060218 0.3 0.276406048309 2.85369276655 0.0219869397821 57.828277227 59.8049018748
1434526992.88 0.3 0.298904215032 0.3 0.300511226941 2.85478855152 0.00109578496808 57.1077534245 58.9558171196
1434526993.08 0.3 0.298904215032 0.3 0.290869155488 2.85588433648 0.00109578496808 57.1505602787 59.4485873083
1434526993.28 0.3 0.298904215032 0.3 0.298904215032 2.85698012145 0.00109578496808 57.1724759781 59.2294512213
1434526993.48 0.3 0.224981667228 0.3 0.224981667228 2.93199845422 0.0750183327717 60.9644416154 63.0214168586
1434526993.68 0.3 0.396931941467 0.3 0.403359989102 2.83506651276 -0.0969319414671 53.6214217369 55.3569945983
1434526993.89 0.3 0.268370988765 0.3 0.269978000674 2.86669552399 0.0316290112348 58.4113417696 60.2594054646
1434526994.13 0.3 0.306939274576 0.3 0.306939274576 2.85975624941 -0.00693927457579 56.9483784652 58.8446525176
1434526994.33 0.3 0.368005727109 0.3 0.368005727109 2.79175052231 -0.0680057271092 53.7337721803 55.6300462327
1434526994.53 0.3 0.269978000674 0.3 0.268370988765 2.82177252163 0.030021999326 57.4341381388 59.4107627866
1434526994.73 0.3 0.298904215032 0.3 0.300511226941 2.8228683066 0.00109578496808 56.4613134667 58.3093771618
1434526994.93 0.3 0.218553619593 0.3 0.218553619593 2.90431468701 0.0814463804068 60.6100357478 62.5063098001
1434526995.16 0.3 0.31497433412 0.3 0.313367322211 2.88934035289 -0.0149743341197 57.2411563196 59.2177809674
1434526995.36 0.3 0.379254810471 0.3 0.379254810471 2.81008554242 -0.0792548104706 53.7597860579 55.6882003484
1434526995.56 0.3 0.268370988765 0.3 0.269978000674 2.84171455365 0.0316290112348 57.8940452318 59.7421089269
1434526995.76 0.3 0.300511226941 0.3 0.298904215032 2.84120332671 -0.000511226940697 56.7765894878 58.7532141356
1434526995.96 0.3 0.290869155488 0.3 0.292476167397 2.85033417122 0.00913084451195 57.2902508313 59.1383145263
1434526996.16 0.3 0.298904215032 0.3 0.298904215032 2.85142995619 0.00109578496808 57.0534376133 58.9497116657
1434526996.36 0.3 0.224981667228 0.3 0.218553619593 2.92644828896 0.0750183327717 60.8534383102 63.0711147443
1434526996.57 0.3 0.316581346028 0.3 0.319795369846 2.90986694293 -0.0165813460284 57.608298799 59.4724326132
1434526996.76 0.3 0.303725250758 0.3 0.306939274576 2.90614169218 -0.00372525075824 58.023932416 59.8237857539
1434526996.96 0.3 0.305332262667 0.3 0.298904215032 2.90080942951 -0.00533226266702 57.8546136982 60.0722901324
1434526997.16 0.3 0.300511226941 0.3 0.305332262667 2.90029820257 -0.000511226940697 57.9954482789 59.7792314976
1434526997.36 0.3 0.374433774744 0.3 0.376040786653 2.82586442782 -0.0744337747443 54.2103527663 56.0584164614
1434526997.6 0.3 0.207304536232 0.3 0.207304536232 2.91855989159 0.0926954637682 61.3191909834 63.2154650357
1434526997.8 0.3 0.398538953376 0.3 0.398538953376 2.82002093822 -0.0985389533759 53.2530157459 55.1492897982
1434526998.0 0.3 0.269978000674 0.3 0.268370988765 2.85004293754 0.030021999326 58.0300796833 60.0067043311
1434526998.2 0.3 0.305332262667 0.3 0.306939274576 2.84471067487 -0.00533226266702 56.6988913555 58.5469550506
1434526998.4 0.3 0.292476167397 0.3 0.292476167397 2.85223450748 0.00752383260317 57.2832612229 59.1795352753
1434526998.64 0.3 0.298904215032 0.3 0.298904215032 2.85333029245 0.00109578496808 57.0930513503 58.9893254027
1434526998.84 0.3 0.374433774744 0.3 0.3663987152 2.7788965177 -0.0744337747443 53.269387552 55.5674145815
1434526999.04 0.3 0.268370988765 0.3 0.268370988765 2.81052552894 0.0316290112348 57.2654437017 59.322418945
1434526999.24 0.3 0.300511226941 0.3 0.300511226941 2.810014302 -0.000511226940697 56.1528089935 58.2097842367
1434526999.44 0.3 0.290869155488 0.3 0.290869155488 2.81914514651 0.00913084451195 56.666470337 58.7234455802
1434526999.66 0.3 0.292476167397 0.3 0.292476167397 2.82666897911 0.00752383260317 56.7574875484 58.8144627916
1434526999.86 0.3 0.290869155488 0.3 0.290869155488 2.83579982362 0.00913084451195 56.9915288197 59.048504063
1434527000.06 0.3 0.146238083698 0.3 0.147845095607 2.98956173992 0.153761916302 64.5487233593 66.5253480071
1434527000.26 0.3 0.424251143916 0.3 0.425858155825 2.86531059601 -0.124251143916 53.3006645425 55.2451489521
1434527000.46 0.3 0.269978000674 0.3 0.269978000674 2.89533259533 0.030021999326 58.9615850297 60.9542797966
1434527000.66 0.3 0.305332262667 0.3 0.306939274576 2.89000033267 -0.00533226266702 57.6046845113 59.5170286828
1434527000.86 0.3 0.300511226941 0.3 0.298904215032 2.88948910573 -0.000511226940697 57.779266342 59.8201714662
1434527001.06 0.3 0.298904215032 0.3 0.298904215032 2.89058489069 0.00109578496808 57.8461783748 59.8388731417
1434527001.26 0.3 0.298904215032 0.3 0.298904215032 2.89168067566 0.00109578496808 57.8664870623 59.8591818292
1434527001.49 0.3 0.298904215032 0.3 0.298904215032 2.89277646063 0.00109578496808 57.8884027617 59.8810975285
