10.0 10.0
9.98274961064 10.0484447215
9.84969183042 10.4782849586
9.70715671477 10.9957554324
9.55575991005 11.5607759997
9.41246805193 12.1229323548
9.29692523421 12.6618914467
9.21786361846 13.1667683664
9.16699015843 13.6203154805
9.13592148368 14.0240889434
9.11879025108 14.4013479799
9.1112179395 14.7628463595
9.11311114715 15.1244190825
9.12407616888 15.4938691402
9.14400893655 15.8742090047
9.17352940475 16.266818659
9.21203572117 16.6667220452
9.25806120607 17.0706825417
9.31084010073 17.4770575204
9.36882931867 17.8794748145
9.4319791627 18.282741285
9.49881799667 18.6821544072
9.56665311232 19.0748778397
9.6358586753 19.4673620908
9.70450612891 19.8566811464
9.77411478396 20.247461905
9.84304129226 20.6383635584
9.91183802805 21.0325510806
9.97925837348 21.4269763468
10.0441831897 21.8234485689
10.1049526746 22.2205789309
10.1622542733 22.6182244784
10.2153886719 23.0164482727
10.2641541979 23.4136116107
10.3077112511 23.8081464624
10.3467586547 24.2063826911
10.3808006259 24.6034651026
10.4094100397 25.0025870075
10.4330459398 25.4004244638
10.4512706553 25.8017638643
10.4680521871 26.4025519886
10.4739417628 26.6837173949
10.4771559646 26.9906398398
10.4771559646 27.3361474002
10.4725226083 27.7153739067
10.4625891196 28.1218265531
10.4486295588 28.5426321937
10.4314746153 28.9697529934
10.4100105026 29.3934608232
10.3868664002 29.8074234223
10.3611355965 30.216402836
10.3345098597 30.6172725465
10.3067091877 31.014840679
10.2779916919 31.405898562
10.248350732 31.8001107047
10.2180217876 32.1942705137
10.1875695548 32.5900325984
10.1576876115 32.9874497178
10.1283816424 33.386521082
10.0996573313 33.7872458861
10.0717445597 34.186417116
10.0445285156 34.5856364548
10.0199039774 34.9882440962
9.99747752154 35.3893706457
9.97731426415 35.7873992131
9.95854050859 36.1854957384
9.94101628985 36.5868663357
9.9257172526 36.9851115326
9.91319884155 37.3834538311
9.90763491121 37.5826456156
9.89878081239 38.0437730375
9.89328351785 38.8311896836
9.89098362932 39.1606190967
9.89015061796 39.3197110949
9.89217004458 39.8982318575
9.89388655285 40.226057793
9.89752146172 40.5731533328
9.90265962404 40.9411231882
9.90944681049 41.3299608392
9.91867089074 41.7364302038
9.92880069346 42.1509155112
9.93969596039 42.5669889687
9.95122765472 42.979830006
9.96414988548 43.391022056
9.97681972891 43.7941830113
9.99008663978 44.1941089827
10.0033002699 44.5924288257
10.0164606192 44.9891425404
10.0295676878 45.3842501266
10.0420356213 45.7809862061
10.0546045099 46.1809347235
10.0664276637 46.579298264
10.0776003948 46.9792882184
10.0874160951 47.3809212682
10.0971925326 47.7809477858
10.1062707776 48.1809907573
10.1139525567 48.5810629805
10.1209360668 48.9811480016
10.1272212864 49.3812446019
10.1328081965 49.7813515625
10.1369984387 50.1814755876
10.1404903267 50.5816063165
10.1425854765 50.9817467967
10.1439822465 51.3818903242
10.1446806327 51.78203568
10.1439850513 52.1805740264
10.1425882812 52.5807175538
10.1411915112 52.9808610813
10.1390963614 53.3810015615
10.1363028382 53.7811377755
10.1328109502 54.1812685044
10.1286207081 54.5813925295
10.1237517573 54.9799017397
10.1181648472 55.3800087004
10.1125554997 55.7817225163
10.1069685896 56.181829477
10.1007086118 56.5803192636
10.0950992643 56.9820330795
10.0895123541 57.3821400402
10.0839478814 57.7806401456
10.0783609713 58.1807471062
10.0727740611 58.5808540669
10.0679051104 58.9793632772
10.0630165268 59.3794793794
10.0581083103 59.7812023737
10.0539348965 60.1797194749
10.0486900527 60.7807190437
10.0462218909 61.0635423702
10.0440902869 61.3688671921
10.0416782087 61.7143663327
10.0397008585 62.0920089546
10.0375636374 62.5001843842
10.0360883341 62.9228259413
10.0353450717 63.3486834485
10.0346046142 63.7729339462
10.0346046142 64.1891500306
10.0353170241 64.5973304337
10.036018215 64.999082799
10.0367109915 65.3960141359
10.0380909331 65.791336657
10.0394708746 66.1866591781
10.0408452066 66.5803746971
10.0429235279 66.9773011975
10.0450186777 67.3774416777
10.0471054132 67.775975168
10.049200563 68.1761156482
10.0520053051 68.577858835
10.0541088692 68.979606305
10.0562208475 69.382960765
10.0590031517 69.7814900062
10.0610898872 70.1800234965
10.0638946293 70.5817666833
10.0659897791 70.9819071635
10.0680765147 71.3804406538
10.0708700378 71.7805768678
10.0729651876 72.180717348
10.0743563482 72.5792538733
10.0757531183 72.9793974008
10.0771554979 73.3811479303
10.078552268 73.7812914578
10.079949038 74.1814349853
10.0806446194 74.5799733316
10.0813430055 74.9801186875
10.0813430055 75.3802646527
10.0813430055 75.7788036061
10.0820413916 76.1789489619
10.0820413916 76.5807019391
10.0820413916 76.9808479044
10.0820413916 77.3826008816
10.0813458102 77.781139228
10.0806474241 78.1812845838
10.0799518428 78.5798229302
10.0792534567 78.979968286
10.0785550706 79.3801136418
10.0778566845 79.7802589977
10.0771582984 80.1804043535
