1433927062.23 1.57079632679 1.91986217719
1433927062.33 1.57079632679 1.91288086019
1433927062.43 1.57079632679 1.87099295814
1433927062.53 1.57079632679 1.8395770316
1433927062.63 1.57079632679 1.83259571459
1433927062.73 1.57079632679 1.82037840983
1433927062.83 1.57079632679 1.78198116629
1433927062.93 1.57079632679 1.72613063022
1433927063.03 1.57079632679 1.68249739892
1433927063.13 1.57079632679 1.64759081388
1433927063.23 1.57079632679 1.61617488735
1433927063.33 1.57079632679 1.59174027782
1433927063.43 1.57079632679 1.56556033904
1433927063.53 1.57079632679 1.54112572951
1433927063.63 1.57079632679 1.51843644924
1433927063.73 1.57079632679 1.49574716896
1433927063.83 1.57079632679 1.47480321794
1433927063.93 1.57079632679 1.45734992542
1433927064.03 1.57079632679 1.44164196215
1433927064.13 1.57079632679 1.42767932813
1433927064.23 1.57079632679 1.41546202337
1433927064.33 1.57079632679 1.40499004786
1433927064.43 1.57079632679 1.3997540601
1433927064.53 1.57079632679 1.3962634016
1433927064.63 1.57079632679 1.3962634016
1433927064.73 1.57079632679 1.39451807234
1433927064.83 1.57079632679 1.3962634016
1433927064.93 1.57079632679 1.39800873085
1433927065.03 1.57079632679 1.40149938935
1433927065.13 1.57079632679 1.40848070636
1433927065.23 1.57079632679 1.41895268187
1433927065.33 1.57079632679 1.42767932813
1433927065.43 1.57079632679 1.43815130364
1433927065.53 1.57079632679 1.44862327916
1433927065.63 1.57079632679 1.46084058392
1433927065.73 1.57079632679 1.47305788868
1433927065.84 1.57079632679 1.48527519345
1433927065.93 1.57079632679 1.49923782746
1433927066.04 1.57079632679 1.51145513223
1433927066.13 1.57079632679 1.52541776624
1433927066.24 1.57079632679 1.54287105876
1433927066.34 1.57079632679 1.54985237577
1433927066.44 1.57079632679 1.56032435128
1433927066.54 1.57079632679 1.57079632679
1433927066.64 1.57079632679 1.58301363156
1433927066.74 1.57079632679 1.59523093632
1433927066.84 1.57079632679 1.60395758258
1433927066.94 1.57079632679 1.61093889959
1433927067.04 1.57079632679 1.6214108751
1433927067.14 1.57079632679 1.62664686286
1433927067.24 1.57079632679 1.63362817987
1433927067.34 1.57079632679 1.63711883837
1433927067.44 1.57079632679 1.64060949687
1433927067.54 1.57079632679 1.64410015538
1433927067.64 1.57079632679 1.64584548463
1433927067.74 1.57079632679 1.64759081388
1433927067.84 1.57079632679 1.64759081388
1433927067.94 1.57079632679 1.64584548463
1433927068.04 1.57079632679 1.64410015538
1433927068.14 1.57079632679 1.64235482613
1433927068.24 1.57079632679 1.64060949687
1433927068.34 1.57079632679 1.63886416762
1433927068.44 1.57079632679 1.63188285061
1433927068.54 1.57079632679 1.62664686286
1433927068.64 1.57079632679 1.6214108751
1433927068.74 1.57079632679 1.6179202166
1433927068.84 1.57079632679 1.61442955809
1433927068.94 1.57079632679 1.60919357034
1433927069.07 1.57079632679 1.60221225333
1433927069.17 1.57079632679 1.59872159483
1433927069.27 1.57079632679 1.58999494857
1433927069.37 1.57079632679 1.5777776438
1433927069.47 1.57079632679 1.5777776438
1433927069.57 1.57079632679 1.57603231455
1433927069.67 1.57079632679 1.56730566829
1433927069.77 1.57079632679 1.56556033904
1433927069.87 1.57079632679 1.56032435128
1433927069.97 1.57079632679 1.55683369278
1433927070.07 1.57079632679 1.55334303427
1433927070.17 1.57079632679 1.54810704652
1433927070.27 1.57079632679 1.54636171727
1433927070.37 1.57079632679 1.54461638801
1433927070.47 1.57079632679 1.54287105876
1433927070.57 1.57079632679 1.53938040026
1433927070.67 1.57079632679 1.53938040026
1433927070.77 1.57079632679 1.53763507101
1433927070.87 1.57079632679 1.53763507101
1433927070.97 1.57079632679 1.53763507101
1433927071.07 1.57079632679 1.53763507101
1433927071.17 1.57079632679 1.53938040026
1433927071.27 1.57079632679 1.53938040026
1433927071.37 1.57079632679 1.54112572951
1433927071.47 1.57079632679 1.54287105876
1433927071.57 1.57079632679 1.54636171727
1433927071.67 1.57079632679 1.54636171727
1433927071.77 1.57079632679 1.54810704652
1433927071.87 1.57079632679 1.55159770502
1433927071.97 1.57079632679 1.55334303427
1433927072.07 1.57079632679 1.55508836353
1433927072.17 1.57079632679 1.55683369278
1433927072.27 1.57079632679 1.56032435128
1433927072.37 1.57079632679 1.56206968053
1433927072.47 1.57079632679 1.56556033904
1433927072.57 1.57079632679 1.56730566829
1433927072.67 1.57079632679 1.56905099754
1433927072.77 1.57079632679 1.57254165605
1433927072.87 1.57079632679 1.5742869853
1433927072.97 1.57079632679 1.5742869853
1433927073.07 1.57079632679 1.57603231455
1433927073.17 1.57079632679 1.5777776438
1433927073.27 1.57079632679 1.57952297305
1433927073.37 1.57079632679 1.58126830231
1433927073.47 1.57079632679 1.58301363156
1433927073.57 1.57079632679 1.58475896081
1433927073.67 1.57079632679 1.58475896081
1433927073.77 1.57079632679 1.58475896081
1433927073.87 1.57079632679 1.58650429006
1433927073.97 1.57079632679 1.58475896081
1433927074.07 1.57079632679 1.58475896081
1433927074.17 1.57079632679 1.58475896081
1433927074.27 1.57079632679 1.58475896081
1433927074.37 1.57079632679 1.58475896081
1433927074.47 1.57079632679 1.58301363156
1433927074.57 1.57079632679 1.58301363156
1433927074.67 1.57079632679 1.58301363156
1433927074.77 1.57079632679 1.58126830231
1433927074.87 1.57079632679 1.57952297305
1433927074.97 1.57079632679 1.57952297305
1433927075.07 1.57079632679 1.5777776438
1433927075.17 1.57079632679 1.5777776438
1433927075.27 1.57079632679 1.57603231455
1433927075.37 1.57079632679 1.57603231455
1433927075.47 1.57079632679 1.5742869853
1433927075.57 1.57079632679 1.57254165605
1433927075.67 1.57079632679 1.57254165605
1433927075.77 1.57079632679 1.57079632679
1433927075.87 1.57079632679 1.56905099754
1433927075.97 1.57079632679 1.56905099754
1433927076.07 1.57079632679 1.56905099754
1433927076.17 1.57079632679 1.56730566829
1433927076.27 1.57079632679 1.56730566829
1433927076.37 1.57079632679 1.56730566829
1433927076.47 1.57079632679 1.56556033904
1433927076.57 1.57079632679 1.56556033904
1433927076.67 1.57079632679 1.56556033904
1433927076.78 1.57079632679 1.56556033904
1433927076.87 1.57079632679 1.56381500979
1433927076.97 1.57079632679 1.56556033904
1433927077.07 1.57079632679 1.56556033904
1433927077.17 1.57079632679 1.56381500979
1433927077.27 1.57079632679 1.56556033904
1433927077.37 1.57079632679 1.56381500979
1433927077.47 1.57079632679 1.56556033904
1433927077.57 1.57079632679 1.56556033904
1433927077.67 1.57079632679 1.56381500979
1433927077.77 1.57079632679 1.56556033904
1433927077.87 1.57079632679 1.56730566829
1433927077.97 1.57079632679 1.56730566829
1433927078.07 1.57079632679 1.56730566829
1433927078.17 1.57079632679 1.56730566829
1433927078.27 1.57079632679 1.56730566829
1433927078.37 1.57079632679 1.56905099754
1433927078.47 1.57079632679 1.56905099754
1433927078.58 1.57079632679 1.57079632679
1433927078.67 1.57079632679 1.57079632679
1433927078.78 1.57079632679 1.56905099754
1433927078.87 1.57079632679 1.57079632679
1433927078.98 1.57079632679 1.57079632679
1433927079.08 1.57079632679 1.57079632679
1433927079.18 1.57079632679 1.57254165605
1433927079.28 1.57079632679 1.57254165605
1433927079.38 1.57079632679 1.57254165605
1433927079.48 1.57079632679 1.57254165605
1433927079.58 1.57079632679 1.57254165605
1433927079.68 1.57079632679 1.57254165605
1433927079.78 1.57079632679 1.57254165605
